0,524
0,523
93,3
93,2
93,1
93,0
0,522
92,4
92,3
92,2
0,521
92,1
92,0
91,3
91,2
91,1
91,0
0,520
90,3
90,2
90,1
90,0
0,519
0,518
0,517
0,516
0,515
89,4
89,3
89,2
89,1
89,0
88,3
88,2
88,1
88,0
0,514
87,4
87,3
87,2
87,1
87,0
86,3
86,2
86,1
86,0
85,3
85,2
85,1
85,0
84,4
84,3
84,2
84,1
84,0
83,3
83,2
83,1
83,0
24,2
24,1
24,3
0,278
0,9
0,273
0,270
82,35
3,2
3,1
3,3
10,146
10,292
10,18
10,108
10,210
10,268
10,1
10,130
10,2
10,3
11,10
11,12
11,26
11,4
11,13
11,20
11,19
11,1
11,21
11,2
11,3
9,7
9,6
9,1
9,4
9,2
9,3
8,9
8,10
8,11
8,8
8,7
8,13
8,18
8,1
8,15
8,2
8,3
12,2
12,1
12,3
20,2
20,1
